0.002,0.45659340659340664
0.004,0.3763736263736265
0.006,0.3016483516483516
0.008,0.20054945054945061
0.01,0.120879120879121
0.012,0.11428571428571421
0.014,0.11098901098901093
0.016,0.10879120879120874
0.018,0.1038461538461537
0.02,0.10329670329670315
0.022,0.10824175824175808
0.024,0.10769230769230764
0.026,0.10769230769230764
0.028,0.10934065934065917
0.03,0.10769230769230764
0.032,0.10824175824175819
0.034,0.10824175824175808
0.036,0.10549450549450534
0.038,0.10659340659340644
0.04,0.10714285714285698
0.042,0.10714285714285698
0.044,0.10659340659340644
0.046,0.10989010989010983
0.048,0.10659340659340655
0.05,0.10989010989010983
0.052,0.11208791208791202
0.054,0.11208791208791202
0.056,0.11373626373626367
0.058,0.11098901098901082
0.06,0.11153846153846148
0.062,0.11318681318681312
0.064,0.11373626373626389
0.066,0.11373626373626389
0.068,0.11703296703296695
0.07,0.11428571428571421
0.072,0.11428571428571421
0.074,0.11868131868131859
0.076,0.12142857142857155
0.078,0.11978021978021969
0.08,0.12087912087912078
0.082,0.11978021978021991
0.084,0.12307692307692297
0.086,0.12087912087912078
0.088,0.1230769230769232
0.09,0.12252747252747265
0.092,0.12417582417582396
0.094,0.12472527472527462
0.096,0.12362637362637374
0.098,0.12362637362637352
0.1,0.12472527472527462
0.102,0.12747252747252757
0.104,0.13076923076923064
0.106,0.12802197802197812
0.108,0.1324175824175825
0.11,0.12857142857142867
0.112,0.12967032967032976
0.114,0.13076923076923064
0.116,0.13296703296703283
0.118,0.12912087912087922
0.12,0.12967032967032954
0.122,0.13406593406593414
0.124,0.13626373626373633
0.126,0.12857142857142867
0.128,0.13516483516483524
0.13,0.1357142857142858
0.132,0.1302197802197803
0.134,0.1324175824175825
0.136,0.13516483516483524
0.138,0.1362637362637361
0.14,0.1357142857142858
0.142,0.13186813186813195
0.144,0.13681318681318688
0.146,0.14120879120879137
0.148,0.14010989010989017
0.15,0.1417582417582418
0.152,0.14340659340659345
0.154,0.13901098901098907
0.156,0.14065934065934071
0.158,0.14450549450549466
0.16,0.14450549450549455
0.162,0.1461538461538462
0.164,0.14835164835164838
0.166,0.14450549450549466
0.168,0.14725274725274728
0.17,0.14780219780219794
0.172,0.14780219780219783
0.174,0.14560439560439564
0.176,0.15000000000000002
0.178,0.15000000000000013
0.18,0.1483516483516485
0.182,0.14835164835164838
0.184,0.14780219780219783
0.186,0.15274725274725287
0.188,0.15054945054945068
0.19,0.15494505494505495
0.192,0.1521978021978022
0.194,0.1554945054945056
0.196,0.1532967032967033
0.198,0.1554945054945055
0.2,0.15604395604395604
0.202,0.1554945054945056
0.204,0.1543956043956045
0.206,0.15274725274725276
0.208,0.14780219780219794
0.21,0.1587912087912089
0.212,0.15714285714285725
0.214,0.15714285714285714
0.216,0.1554945054945055
0.218,0.15604395604395604
0.22,0.1554945054945056
0.222,0.16153846153846163
0.224,0.16208791208791207
0.226,0.1543956043956044
0.228,0.16098901098901108
0.23,0.16263736263736273
0.232,0.16428571428571426
0.234,0.16098901098901097
0.236,0.16538461538461535
0.238,0.16263736263736261
0.24,0.16483516483516492
0.242,0.1670329670329671
0.244,0.16428571428571426
0.246,0.16318681318681327
0.248,0.16538461538461535
0.25,0.16758241758241765
0.252,0.1670329670329671
0.254,0.16263736263736261
0.256,0.1659340659340659
0.258,0.1692307692307693
0.26,0.16428571428571426
0.262,0.16153846153846152
0.264,0.17197802197802203
0.266,0.1659340659340659
0.268,0.16868131868131875
0.27,0.1703296703296704
0.272,0.17142857142857149
0.274,0.17142857142857137
0.276,0.17197802197802203
0.278,0.17417582417582422
0.28,0.16978021978021984
0.282,0.17362637362637368
0.284,0.16923076923076918
0.286,0.17197802197802203
0.288,0.17142857142857149
0.29,0.17087912087912094
0.292,0.16978021978021984
0.294,0.1752747252747252
0.296,0.17527472527472532
0.298,0.17582417582417587
0.3,0.17417582417582422
0.302,0.17417582417582422
0.304,0.17362637362637368
0.306,0.17362637362637368
0.308,0.17307692307692313
0.31,0.17692307692307696
0.312,0.17802197802197806
0.314,0.1785714285714286
0.316,0.17692307692307696
0.318,0.17912087912087915
0.32,0.17362637362637368
0.322,0.17582417582417587
0.324,0.17912087912087915
0.326,0.16978021978021984
0.328,0.1703296703296704
0.33,0.18131868131868134
0.332,0.17802197802197806
0.334,0.17692307692307685
0.336,0.18131868131868134
0.338,0.1774725274725275
0.34,0.1763736263736264
0.342,0.1807692307692308
0.344,0.1785714285714286
0.346,0.17912087912087915
0.348,0.17582417582417587
0.35,0.17912087912087915
0.352,0.18516483516483517
0.354,0.18021978021978025
0.356,0.18516483516483517
0.358,0.18516483516483517
0.36,0.18131868131868134
0.362,0.17417582417582422
0.364,0.18351648351648353
0.366,0.18296703296703298
0.368,0.17527472527472532
0.37,0.17582417582417587
0.372,0.18241758241758244
0.374,0.18626373626373627
0.376,0.18461538461538463
0.378,0.18681318681318682
0.38,0.189010989010989
0.382,0.18351648351648353
0.384,0.18516483516483517
0.386,0.17912087912087915
0.388,0.1807692307692308
0.39,0.1912087912087912
0.392,0.18846153846153846
0.394,0.189010989010989
0.396,0.18736263736263736
0.398,0.19065934065934065
0.4,0.19285714285714284
0.402,0.1901098901098901
0.404,0.18846153846153846
0.406,0.1901098901098901
0.408,0.18846153846153846
0.41,0.19340659340659339
0.412,0.1912087912087912
0.414,0.19450549450549448
0.416,0.19670329670329667
0.418,0.189010989010989
0.42,0.18296703296703298
0.422,0.1912087912087912
0.424,0.1879120879120879
0.426,0.1923076923076923
0.428,0.19505494505494503
0.43,0.1983516483516483
0.432,0.19505494505494503
0.434,0.19890109890109886
0.436,0.19450549450549448
0.438,0.1983516483516483
0.44,0.19725274725274722
0.442,0.18956043956043955
0.444,0.19065934065934065
0.446,0.19340659340659339
0.448,0.1983516483516483
0.45,0.19340659340659339
0.452,0.1912087912087912
0.454,0.19395604395604393
0.456,0.20109890109890105
0.458,0.1994505494505494
0.46,0.2027472527472528
0.462,0.2016483516483517
0.464,0.1983516483516483
0.466,0.1983516483516483
0.468,0.19890109890109886
0.47,0.19725274725274722
0.472,0.2016483516483517
0.474,0.1994505494505494
0.476,0.19945054945054963
0.478,0.20054945054945061
0.48,0.1983516483516483
0.482,0.20109890109890116
0.484,0.20219780219780226
0.486,0.2038461538461539
0.488,0.2038461538461538
0.49,0.20329670329670335
0.492,0.20824175824175828
0.494,0.20549450549450554
0.496,0.20549450549450543
0.498,0.20549450549450543
0.5,0.20714285714285718
0.502,0.20879120879120883
0.504,0.1983516483516483
0.506,0.20714285714285718
0.508,0.20439560439560445
0.51,0.20989010989011003
0.512,0.20824175824175828
0.514,0.21153846153846156
0.516,0.20549450549450554
0.518,0.20934065934065937
0.52,0.21153846153846156
0.522,0.20824175824175828
0.524,0.2060439560439561
0.526,0.21153846153846156
0.528,0.20934065934065937
0.53,0.20659340659340653
0.532,0.21263736263736266
0.534,0.21098901098901102
0.536,0.2131868131868132
0.538,0.20989010989010992
0.54,0.20824175824175828
0.542,0.21043956043956047
0.544,0.20934065934065937
0.546,0.2153846153846154
0.548,0.20769230769230773
0.55,0.20824175824175828
0.552,0.20879120879120883
0.554,0.21373626373626375
0.556,0.2153846153846154
0.558,0.21263736263736255
0.56,0.2153846153846155
0.562,0.21373626373626375
0.564,0.2120879120879121
0.566,0.21373626373626375
0.568,0.21263736263736277
0.57,0.2120879120879121
0.572,0.21703296703296704
0.574,0.2120879120879121
0.576,0.21923076923076923
0.578,0.21593406593406594
0.58,0.21593406593406594
0.582,0.21703296703296704
0.584,0.21593406593406594
0.586,0.2153846153846154
0.588,0.2120879120879121
0.59,0.21923076923076923
0.592,0.2175824175824176
0.594,0.21923076923076934
0.596,0.2153846153846154
0.598,0.21923076923076923
0.6,0.2153846153846155
0.602,0.2164835164835165
0.604,0.21868131868131868
0.606,0.2142857142857144
0.608,0.21813186813186813
0.61,0.21813186813186825
0.612,0.22142857142857153
0.614,0.2142857142857143
0.616,0.21483516483516485
0.618,0.21263736263736266
0.62,0.22032967032967032
0.622,0.21923076923076923
0.624,0.21813186813186813
0.626,0.21978021978021978
0.628,0.21703296703296715
0.63,0.21593406593406594
0.632,0.22197802197802197
0.634,0.2258241758241758
0.636,0.22527472527472525
0.638,0.22252747252747251
0.64,0.22252747252747263
0.642,0.22637362637362646
0.644,0.22527472527472536
0.646,0.2258241758241758
0.648,0.22197802197802197
0.65,0.22857142857142854
0.652,0.22417582417582416
0.654,0.2236263736263736
0.656,0.2236263736263736
0.658,0.22857142857142854
0.66,0.22362637362637372
0.662,0.22527472527472525
0.664,0.23461538461538467
0.666,0.2258241758241759
0.668,0.2291208791208792
0.67,0.2302197802197803
0.672,0.2247252747252747
0.674,0.22857142857142865
0.676,0.23186813186813193
0.678,0.2269230769230769
0.68,0.22967032967032974
0.682,0.23076923076923084
0.684,0.22967032967032974
0.686,0.22472527472527482
0.688,0.22527472527472525
0.69,0.226923076923077
0.692,0.23351648351648358
0.694,0.23571428571428577
0.696,0.23076923076923084
0.698,0.23681318681318686
0.7,0.22637362637362646
0.702,0.226923076923077
0.704,0.23351648351648358
0.706,0.2291208791208792
0.708,0.23241758241758248
0.71,0.22747252747252755
0.712,0.2384615384615385
0.714,0.2384615384615385
0.716,0.23351648351648358
0.718,0.23571428571428577
0.72,0.2395604395604396
0.722,0.2302197802197803
0.724,0.2291208791208792
0.726,0.23681318681318686
0.728,0.2362637362637363
0.73,0.24120879120879124
0.732,0.23351648351648358
0.734,0.23791208791208796
0.736,0.23901098901098905
0.738,0.24010989010989015
0.74,0.24340659340659343
0.742,0.2395604395604396
0.744,0.24285714285714288
0.746,0.23791208791208796
0.748,0.24010989010989015
0.75,0.24450549450549453
0.752,0.24505494505494507
0.754,0.24505494505494507
0.756,0.24560439560439562
0.758,0.24340659340659343
0.76,0.24505494505494507
0.762,0.24615384615384617
0.764,0.24725274725274726
0.766,0.24505494505494507
0.768,0.24835164835164836
0.77,0.24010989010989015
0.772,0.24725274725274726
0.774,0.2489010989010989
0.776,0.24230769230769234
0.778,0.2478021978021978
0.78,0.24945054945054945
0.782,0.2478021978021978
0.784,0.24450549450549453
0.786,0.2489010989010989
0.788,0.24615384615384617
0.79,0.24560439560439562
0.792,0.2478021978021978
0.794,0.24560439560439562
0.796,0.24835164835164825
0.798,0.2532967032967033
0.8,0.25
0.802,0.25054945054945055
0.804,0.2532967032967033
0.806,0.25164835164835164
0.808,0.25054945054945055
0.81,0.2543956043956044
0.812,0.2532967032967033
0.814,0.2549450549450549
0.816,0.25659340659340657
0.818,0.2554945054945055
0.82,0.2532967032967033
0.822,0.2554945054945055
0.824,0.2543956043956044
0.826,0.2554945054945055
0.828,0.2549450549450549
0.83,0.256043956043956
0.832,0.25769230769230766
0.834,0.2593406593406593
0.836,0.2615384615384615
0.838,0.25164835164835164
0.84,0.25659340659340657
0.842,0.26098901098901095
0.844,0.256043956043956
0.846,0.2615384615384615
0.848,0.2626373626373626
0.85,0.25659340659340657
0.852,0.2626373626373626
0.854,0.26098901098901095
0.856,0.26318681318681314
0.858,0.2571428571428571
0.86,0.26318681318681314
0.862,0.25659340659340657
0.864,0.2648351648351648
0.866,0.2664835164835164
0.868,0.2648351648351648
0.87,0.26813186813186807
0.872,0.26923076923076916
0.874,0.2664835164835164
0.876,0.26538461538461533
0.878,0.2686813186813186
0.88,0.2675824175824175
0.882,0.27252747252747245
0.884,0.2686813186813186
0.886,0.27362637362637354
0.888,0.2708791208791208
0.89,0.27252747252747245
0.892,0.27252747252747245
0.894,0.2769230769230768
0.896,0.2763736263736263
0.898,0.2763736263736263
0.9,0.2769230769230768
0.902,0.2763736263736264
0.904,0.27472527472527464
0.906,0.27472527472527464
0.908,0.27362637362637354
0.91,0.2719780219780219
0.912,0.2708791208791208
0.914,0.2752747252747252
0.916,0.28076923076923066
0.918,0.279120879120879
0.92,0.2802197802197802
0.922,0.28076923076923066
0.924,0.2780219780219779
0.926,0.2835164835164835
0.928,0.28076923076923066
0.93,0.2835164835164834
0.932,0.28186813186813175
0.934,0.27967032967032956
0.936,0.2846153846153845
0.938,0.28736263736263723
0.94,0.2879120879120878
0.942,0.2884615384615383
0.944,0.2890109890109889
0.946,0.2895604395604394
0.948,0.2901098901098901
0.95,0.2906593406593406
0.952,0.2928571428571428
0.954,0.2961538461538461
0.956,0.29340659340659336
0.958,0.29560439560439555
0.96,0.29780219780219774
0.962,0.2994505494505495
0.964,0.29890109890109884
0.966,0.2994505494505493
0.968,0.29890109890109884
0.97,0.3032967032967032
0.972,0.30494505494505486
0.974,0.3054945054945054
0.976,0.30714285714285705
0.978,0.30934065934065924
0.98,0.3098901098901098
0.982,0.31153846153846143
0.984,0.312087912087912
0.986,0.3159340659340659
0.988,0.31648351648351647
0.99,0.3236263736263736
0.992,0.3274725274725274
0.994,0.33131868131868125
0.996,0.3373626373626373
0.998,0.34505494505494494
