0.0035971223021582736,0.06534067411083555
0.007194244604316547,0.06186414392059558
0.01079136690647482,0.0585233147229115
0.014388489208633094,0.05597472084367239
0.017985611510791366,0.05323097601323412
0.02158273381294964,0.05158834780810584
0.025179856115107913,0.05158834780810584
0.02877697841726619,0.05069789081885856
0.03237410071942446,0.048786445409429335
0.03597122302158273,0.046342535153019115
0.039568345323741004,0.04482914598842025
0.04316546762589928,0.043411393713813085
0.046762589928057555,0.043411393713813085
0.050359712230215826,0.04339588502894942
0.0539568345323741,0.04339588502894942
0.05755395683453238,0.043411393713813085
0.06115107913669065,0.043411393713813085
0.06474820143884892,0.042701871381306766
0.0683453237410072,0.04074777708850286
0.07194244604316546,0.04074777708850286
0.07553956834532374,0.04028251654259729
0.07913669064748201,0.04074777708850286
0.08273381294964029,0.04075682382133983
0.08633093525179857,0.03931193134822164
0.08992805755395683,0.03979270057899098
0.09352517985611511,0.03979270057899098
0.09712230215827339,0.0392964226633582
0.10071942446043165,0.04125051695616211
0.10431654676258993,0.04093000413564918
0.1079136690647482,0.03987282878411913
0.11151079136690648,0.03987282878411913
0.11510791366906475,0.0407632857733663
0.11870503597122302,0.04036910669975169
0.1223021582733813,0.03987282878411913
0.12589928057553956,0.04091449545078585
0.12949640287769784,0.04091449545078585
0.13309352517985612,0.04026700785773374
0.1366906474820144,0.038864764267990126
0.14028776978417265,0.03842405913978497
0.14388489208633093,0.03939205955334979
0.1474820143884892,0.03987024400330852
0.1510791366906475,0.039845688585608
0.15467625899280577,0.0393894747725394
0.15827338129496402,0.03987024400330852
0.1618705035971223,0.03987024400330852
0.16546762589928057,0.03973454301075263
0.16906474820143885,0.03988575268817196
0.17266187050359713,0.04027088502894949
0.17625899280575538,0.03922921836228299
0.17985611510791366,0.03922921836228299
0.18345323741007194,0.04069608147229131
0.18705035971223022,0.04020885028949528
0.1906474820143885,0.03921370967741944
0.19424460431654678,0.038276726633581504
0.19784172661870503,0.04025537634408605
0.2014388489208633,0.03873294044665021
0.20503597122302158,0.04074260752688175
0.20863309352517986,0.040822735732009896
0.21223021582733814,0.03979011579818026
0.2158273381294964,0.037795957402812386
0.21942446043165467,0.039830179900744556
0.22302158273381295,0.03930934656741114
0.22661870503597123,0.0402708850289496
0.2302158273381295,0.04028639371381304
0.23381294964028776,0.04028639371381304
0.23741007194244604,0.04028639371381304
0.24100719424460432,0.03979657775020695
0.2446043165467626,0.0403329197684037
0.24820143884892087,0.03928479114971051
0.2517985611510791,0.03980562448304392
0.25539568345323743,0.03978106906534329
0.2589928057553957,0.03978106906534329
0.26258992805755393,0.040649555417700434
0.26618705035971224,0.03988575268817196
0.2697841726618705,0.04126344086021505
0.2733812949640288,0.04020885028949528
0.27697841726618705,0.040319995864350866
0.2805755395683453,0.040422094706368816
0.2841726618705036,0.040248914392059576
0.28776978417266186,0.04023340570719591
0.29136690647482016,0.03875103391232437
0.2949640287769784,0.04084729114971053
0.29856115107913667,0.04183338502894962
0.302158273381295,0.04023340570719591
0.3057553956834532,0.04077620967741935
0.30935251798561153,0.04132806038047965
0.3129496402877698,0.041225961538461475
0.31654676258992803,0.04124793217535161
0.32014388489208634,0.04121045285359792
0.3237410071942446,0.04172870140612073
0.3273381294964029,0.04120140612076084
0.33093525179856115,0.04173774813895792
0.3345323741007194,0.04173774813895792
0.3381294964028777,0.04135261579818028
0.34172661870503596,0.0418333850289494
0.34532374100719426,0.042283136889991746
0.3489208633093525,0.04272384201819679
0.35251798561151076,0.0418333850289494
0.35611510791366907,0.042603649710504676
0.3597122302158273,0.04209186311000823
0.36330935251798563,0.04274839743589742
0.3669064748201439,0.042274090157154776
0.37050359712230213,0.042699286600496045
0.37410071942446044,0.04169122208436726
0.3776978417266187,0.04277683002481392
0.381294964028777,0.042763906120760864
0.38489208633093525,0.042763906120760864
0.38848920863309355,0.04263725186104206
0.3920863309352518,0.04180882961124899
0.39568345323741005,0.04266826923076916
0.39928057553956836,0.042785876757651
0.4028776978417266,0.04273030397022326
0.4064748201438849,0.04290606906534333
0.41007194244604317,0.04313352977667506
0.4136690647482014,0.04265276054590572
0.4172661870503597,0.04273030397022326
0.420863309352518,0.043251137303556675
0.4244604316546763,0.04367633374689839
0.42805755395683454,0.04371639784946235
0.4316546762589928,0.04361429900744418
0.4352517985611511,0.043821081472291135
0.43884892086330934,0.04322658188585604
0.44244604316546765,0.04327569272125731
0.4460431654676259,0.04327569272125731
0.44964028776978415,0.04377197063689009
0.45323741007194246,0.04377197063689009
0.4568345323741007,0.04457325268817214
0.460431654676259,0.04418812034739461
0.46402877697841727,0.04418812034739461
0.4676258992805755,0.04465338089330029
0.4712230215827338,0.04371639784946235
0.4748201438848921,0.04465984284532676
0.4784172661870504,0.04466888957816373
0.48201438848920863,0.044724462365591355
0.4856115107913669,0.045125103391232435
0.4892086330935252,0.0447735732009924
0.49280575539568344,0.04508762406947897
0.49640287769784175,0.044789081885856064
0.5,0.045614919354838634
0.5035971223021583,0.045695047559966895
0.5071942446043165,0.045614919354838634
0.5107913669064749,0.0455593465674109
0.5143884892086331,0.04619778742762615
0.5179856115107914,0.04559941066997519
0.5215827338129496,0.046734129445823
0.5251798561151079,0.046277915632754185
0.5287769784172662,0.04661652191894139
0.5323741007194245,0.0462468982630273
0.5359712230215827,0.04663849255583119
0.539568345323741,0.046262406947890744
0.5431654676258992,0.045781637717121626
0.5467625899280576,0.0471993899917289
0.5503597122302158,0.046734129445823
0.5539568345323741,0.04719938999172868
0.5575539568345323,0.047239454094292865
0.5611510791366906,0.047239454094292865
0.564748201438849,0.04655190239867646
0.5683453237410072,0.046758684863523525
0.5719424460431655,0.04671862076095956
0.5755395683453237,0.047168372622001575
0.579136690647482,0.04671862076095956
0.5827338129496403,0.046743176178660084
0.5863309352517986,0.046743176178660084
0.5899280575539568,0.04679228701406113
0.5935251798561151,0.047223945409429424
0.5971223021582733,0.04760907775020695
0.6007194244604317,0.0476801592224978
0.60431654676259,0.04671862076095956
0.6079136690647482,0.04768015922249802
0.6115107913669064,0.04763363316790736
0.6151079136690647,0.04809630893300254
0.6187050359712231,0.04769825268817196
0.6223021582733813,0.04769825268817196
0.6258992805755396,0.04816092845326714
0.6294964028776978,0.04769825268817196
0.6330935251798561,0.04819453060380474
0.6366906474820144,0.04819453060380474
0.6402877697841727,0.048601633581472514
0.6438848920863309,0.048200992555831434
0.6474820143884892,0.04867271505376336
0.6510791366906474,0.04952310794044679
0.6546762589928058,0.04952310794044679
0.658273381294964,0.04908240281224163
0.6618705035971223,0.04946753515301894
0.6654676258992805,0.04953215467328376
0.6690647482014388,0.04953215467328387
0.6726618705035972,0.04906689412737819
0.6762589928057554,0.04952310794044679
0.6798561151079137,0.04906689412737819
0.6834532374100719,0.04954766335814731
0.6870503597122302,0.04954766335814731
0.6906474820143885,0.04954766335814731
0.6942446043165468,0.05052471050454932
0.697841726618705,0.049202595119933745
0.7014388489208633,0.05017318031430951
0.7050359712230215,0.05017964226633587
0.7086330935251799,0.050500155086848686
0.7122302158273381,0.050019385856079346
0.7158273381294964,0.050019385856079346
0.7194244604316546,0.05149271091811425
0.7230215827338129,0.05206265508684871
0.7266187050359713,0.05149271091811425
0.7302158273381295,0.05159739454094292
0.7338129496402878,0.05250336021505375
0.737410071942446,0.05198898883374703
0.7410071942446043,0.052118227874276335
0.7446043165467626,0.05206265508684871
0.7482014388489209,0.05206265508684871
0.7517985611510791,0.05202259098428441
0.7553956834532374,0.05258348842018212
0.7589928057553957,0.052623552522745976
0.762589928057554,0.052623552522745976
0.7661870503597122,0.053504962779156395
0.7697841726618705,0.05352693341604642
0.7733812949640287,0.052623552522745976
0.7769784172661871,0.054087830851943686
0.7805755395683454,0.05409687758478088
0.7841726618705036,0.05403225806451606
0.7877697841726619,0.05443289909015725
0.7913669064748201,0.05445745450785766
0.7949640287769785,0.054472963192721435
0.7985611510791367,0.05450398056244832
0.802158273381295,0.054472963192721324
0.8057553956834532,0.054978287841191076
0.8093525179856115,0.05442643713813067
0.8129496402877698,0.054978287841191076
0.8165467625899281,0.05500930521091818
0.8201438848920863,0.0554900744416873
0.8237410071942446,0.05547456575682386
0.8273381294964028,0.0558506513647643
0.8309352517985612,0.05597084367245664
0.8345323741007195,0.05597084367245664
0.8381294964028777,0.05597084367245664
0.841726618705036,0.05648263027295286
0.8453237410071942,0.05639604011579813
0.8489208633093526,0.056861300661703806
0.8525179856115108,0.056923335401158015
0.8561151079136691,0.05697890818858542
0.8597122302158273,0.05751525020678261
0.8633093525179856,0.05737308726220003
0.8669064748201439,0.05737308726220003
0.8705035971223022,0.057909429280396885
0.8741007194244604,0.057980510752688064
0.8776978417266187,0.05843672456575677
0.8812949640287769,0.05893300248138955
0.8848920863309353,0.058877429693961814
0.8884892086330936,0.05893300248138955
0.8920863309352518,0.05937370760959482
0.89568345323741,0.05939826302729523
0.8992805755395683,0.0598725703060381
0.9028776978417267,0.05937370760959482
0.9064748201438849,0.05937370760959482
0.9100719424460432,0.0598699855252276
0.9136690647482014,0.060322322167080444
0.9172661870503597,0.060335246071133164
0.920863309352518,0.06036884822167088
0.9244604316546763,0.06036884822167088
0.9280575539568345,0.06035333953680733
0.9316546762589928,0.06084961745244011
0.935251798561151,0.06084961745244011
0.9388489208633094,0.061327801902398726
0.9424460431654677,0.061327801902398726
0.9460431654676259,0.061897746071133186
0.9496402877697842,0.062282878411910714
0.9532374100719424,0.06278820306038058
0.9568345323741008,0.06282826716294454
0.960431654676259,0.06280371174524402
0.9640287769784173,0.06280371174524402
0.9676258992805755,0.06378075889164614
0.9712230215827338,0.06426152812241526
0.9748201438848921,0.06521401985111674
0.9784172661870504,0.06573485318444994
0.9820143884892086,0.06671190033085206
0.9856115107913669,0.06812965260545911
0.9892086330935251,0.06962753308519454
0.9928057553956835,0.07062913564929707
0.9964028776978417,0.07307304590570729
